-73.393523 
-72.775014 
-70.533638 
-66.850058 
-59.790187 
-48.368973 
-34.121101 
-17.875411 
0.098749 
17.477031 
32.648966 
46.372358 
57.343480 
64.388482 
68.212038 
70.486405 
71.375822 
-61.119406 
-51.287588 
-37.804800 
-24.022754 
-11.635713 
12.056636 
25.106256 
38.338588 
51.191007 
60.053851 
0.653940 
0.804809 
0.992204 
1.226783 
-14.772472 
-7.180239 
0.555920 
8.272499 
15.214351 
-46.047290 
-37.674688 
-27.883856 
-19.648268 
-28.272965 
-38.082418 
19.265868 
27.894191 
37.437529 
45.170805 
38.196454 
28.764989 
-28.916267 
-17.533194 
-6.684590 
0.381001 
8.375443 
18.876618 
28.794412 
19.057574 
8.956375 
0.381549 
-7.428895 
-18.160634 
-24.377490 
-6.897633 
0.340663 
8.444722 
24.474473 
8.449166 
0.205322 
-7.198266 
-29.801432 
-10.949766 
7.929818 
26.074280 
42.564390 
56.481080 
67.246992 
75.056892 
77.061286 
74.758448 
66.929021 
56.311389 
42.419126 
25.455880 
6.990805 
-11.666193 
-30.365191 
-49.361602 
-58.769795 
-61.996155 
-61.033399 
-56.686759 
-57.391033 
-61.902186 
-62.777713 
-59.302347 
-50.190255 
-42.193790 
-30.993721 
-19.944596 
-8.414541 
2.598255 
4.751589 
6.562900 
4.661005 
2.643046 
-37.471411 
-42.730510 
-42.711517 
-36.754742 
-35.134493 
-34.919043 
-37.032306 
-43.342445 
-43.110822 
-38.086515 
-35.532024 
-35.484289 
28.612716 
22.172187 
19.029051 
20.721118 
19.035460 
22.394109 
28.079924 
36.298248 
39.634575 
40.395647 
39.836405 
36.677899 
28.677771 
25.475976 
26.014269 
25.326198 
28.323008 
30.596216 
31.408738 
30.844876 
47.667532 
45.909403 
44.842580 
43.141114 
38.635298 
30.750622 
18.456453 
3.609035 
-0.881698 
5.181201 
19.176563 
30.770570 
37.628629 
40.886309 
42.281449 
44.142567 
47.140426 
14.254422 
7.268147 
0.442051 
-6.606501 
-11.967398 
-12.051204 
-7.315098 
-1.022953 
5.349435 
11.615746 
-13.380835 
-21.150853 
-29.284036 
-36.948060 
-20.132003 
-23.536684 
-25.944448 
-23.695741 
-20.858157 
7.037989 
3.021217 
1.353629 
-0.111088 
-0.147273 
1.476612 
-0.665746 
0.247660 
1.696435 
4.894163 
0.282961 
-1.172675 
-2.240310 
-15.934335 
-22.611355 
-23.748437 
-22.721995 
-15.610679 
-3.217393 
-14.987997 
-22.554245 
-23.591626 
-22.406106 
-15.121907 
-4.785684 
-20.893742 
-22.220479 
-21.025520 
-5.712776 
-20.671489 
-21.903670 
-20.328022 
