chair 0.4281 113 287 194 374
person 0.6815 366 165 422 318
person 0.5797 137 184 193 349
person 0.5439 89 178 180 364
person 0.4966 69 170 117 247
person 0.4732 309 177 375 322
person 0.4351 223 159 266 254
person 0.4351 211 149 290 346
person 0.4161 0 188 47 261
person 0.4031 105 184 142 239
person 0.3740 320 158 414 331
person 0.3470 415 166 449 215
person 0.3321 27 174 114 258
person 0.3263 431 169 458 212
person 0.3225 409 167 431 217
person 0.3199 229 223 281 341
pottedplant 0.3590 418 194 495 291
