chair 0.3486 419 156 471 230
person 0.6842 281 82 391 347
person 0.6564 60 81 202 359
person 0.5406 228 70 282 169
person 0.5373 265 56 301 160
person 0.4984 327 45 402 144
person 0.4854 183 46 245 142
person 0.4739 195 81 302 349
person 0.4625 235 51 312 148
person 0.4196 147 41 192 113
person 0.4174 370 100 411 174
person 0.3928 352 88 439 343
person 0.3762 269 57 298 100
person 0.3757 297 58 333 126
person 0.3369 272 68 342 173
person 0.3229 332 52 388 107
person 0.3061 187 91 261 282
person 0.3059 95 37 182 152
pottedplant 0.3210 0 121 79 252
