chair 0.6426 398 135 465 227
chair 0.4666 348 134 400 221
chair 0.4410 34 179 177 303
chair 0.3536 0 180 87 298
chair 0.3366 279 133 344 224
chair 0.3095 395 162 444 223
person 0.6243 204 101 282 281
person 0.5074 4 114 87 276
person 0.4850 293 95 341 203
person 0.4735 102 112 151 184
person 0.4723 398 108 469 219
person 0.4564 50 119 105 181
person 0.4387 403 97 431 143
person 0.3977 328 97 355 147
person 0.3359 196 111 261 213
person 0.3257 65 99 198 286
person 0.3214 399 93 437 179
person 0.3076 320 95 363 203
person 0.3001 13 117 81 205
