person 0.7996 10 19 92 235
person 0.6478 376 11 482 213
person 0.6119 133 41 190 197
person 0.5833 296 29 378 205
person 0.5726 176 30 261 208
person 0.4600 229 32 277 188
person 0.4367 242 34 322 201
person 0.4345 74 35 135 214
person 0.4076 266 25 352 156
person 0.3981 91 48 127 88
person 0.3841 274 18 342 98
person 0.3743 83 44 129 148
person 0.3742 271 31 300 69
person 0.3726 242 42 263 67
person 0.3616 356 27 439 207
person 0.3607 298 22 329 58
person 0.3511 194 35 226 71
person 0.3177 237 34 271 73
person 0.3077 131 53 179 114
