bottle 288 224 330 328
bottle 233 216 270 314
bottle 186 207 224 297
bottle 146 200 183 285
bottle 111 195 144 273
bottle 69 161 108 266
bottle 34 156 72 257
bottle 11 155 40 250
bottle 1 151 19 241
bottle 371 95 415 217
bottle 326 94 367 213
bottle 289 94 327 203
bottle 252 92 290 202
bottle 225 95 257 188
bottle 190 93 225 191
bottle 167 96 195 185
bottle 141 94 169 186
bottle 107 98 142 179
bottle 290 171 332 231
bottle 210 161 247 282
bottle 154 158 197 232
bottle 110 153 149 224
bottle 86 100 114 178
bottle 63 98 94 176
bottle 46 99 69 151
bottle 384 1 429 128
bottle 338 1 382 128
bottle 295 1 344 132
bottle 252 1 288 128
bottle 213 1 249 125
bottle 177 3 213 123
bottle 149 6 179 124
bottle 127 9 156 125
bottle 106 11 132 121
bottle 81 11 111 119
bottle 61 11 88 120
bottle 13 19 40 98
