chair 403 138 480 236
chair 347 141 401 231
chair 282 137 341 219
chair 189 162 271 294
chair 65 192 165 314
chair 2 189 87 302
diningtable 68 158 219 275
person 128 109 146 140
person 144 107 167 135
person 166 105 191 132
person 204 106 224 130
person 235 109 266 167
person 181 123 259 235
person 111 121 148 165
person 57 130 104 179
person 3 129 69 242
person 277 102 310 137
person 326 98 356 131
person 359 98 400 131
person 402 99 431 131
person 422 100 477 142
person 397 103 464 221
person 298 105 346 214
pottedplant 443 31 500 135
